907
508
945
220
81
124
313
72
638
87
91
439
928
794
57
977
522
327
864
189
807
605
973
745
347
892
2
953
280
352
315
370
466
555
839
733
629
306
37
419
206
389
546
526
98
995
525
109
6
216
334
740
561
557
742
153
730
638
291
556
151
785
766
857
746
808
28
645
240
187
30
530
560
230
676
636
324
909
690
57
342
368
973
710
774
495
51
27
491
740
942
266
131
182
877
970
191
306
381
182
457
876
103
427
318
551
311
875
211
152
771
727
640
600
654
370
474
279
380
338
269
637
325
196
205
980
377
502
0
72
832
650
173
643
79
921
869
636
701
101
618
64
331
175
774
854
242
860
732
899
213
402
254
580
30
77
924
18
45
559
628
492
833
825
142
703
942
928
805
249
904
992
889
353
577
506
266
986
579
167
305
986
578
796
798
127
702
419
535
141
442
665
765
521
874
142
112
620
835
679
478
92
749
700
4
378
512
541
979
809
549
864
922
20
960
926
511
498
449
555
983
73
326
992
10
253
575
352
792
7
480
953
162
577
616
967
647
732
379
653
398
293
63
985
305
114
250
938
760
276
915
808
100
817
656
260
189
400
124
784
127
658
575
66
842
943
848
92
941
769
950
60
464
528
839
938
585
269
43
16
539
795
233
180
281
73
272
229
669
317
818
276
126
617
500
958
225
331
690
763
121
265
978
57
263
260
461
325
952
901
396
37
285
146
8
994
827
643
163
392
647
492
90
866
437
167
125
142
88
555
674
832
470
226
435
700
954
399
292
721
333
731
321
979
994
237
454
110
674
989
549
255
418
764
446
279
279
676
59
364
927
714
286
892
539
556
809
323
299
7
353
402
880
403
384
929
522
243
825
940
403
237
679
415
146
390
226
376
693
987
479
313
760
1
104
626
117
225
397
260
560
213
392
776
667
356
761
207
947
454
945
655
780
231
835
435
479
940
795
549
981
38
980
334
241
479
925
466
212
8
37
813
247
910
490
854
711
527
194
692
537
133
593
788
800
753
615
115
546
549
397
893
384
825
697
467
325
259
882
410
11
402
988
331
472
932
596
227
393
575
565
439
507
136
30
619
687
680
130
508
568
736
901
989
599
901
942
661
814
298
234
218
200
519
429
710
656
681
974
443
873
582
13
774
428
210
25
124
271
320
495
9
676
167
99
887
735
417
111
851
433
12
975
410
362
833
599
984
106
727
434
223
969
98
675
247
972
591
802
533
358
62
828
644
170
156
607
316
371
649
966
317
313
827
455
75
360
342
15
380
518
197
299
367
387
510
163
443
58
139
44
347
502
464
161
906
115
795
160
117
550
324
893
78
770
418
147
448
45
313
869
659
814
761
262
624
412
278
896
26
91
666
540
61
338
786
386
737
452
370
910
107
367
866
419
154
329
557
428
974
55
486
447
822
40
594
94
564
162
461
761
324
934
565
415
485
38
885
656
891
207
951
360
160
181
688
725
569
780
127
630
642
268
407
856
805
36
7
542
408
760
956
94
210
72
487
346
610
264
11
875
79
210
865
529
14
800
820
244
544
822
647
489
794
158
884
888
293
924
563
271
61
789
321
638
211
349
754
592
323
515
258
658
120
540
199
874
588
431
200
714
46
135
530
309
668
586
536
909
925
753
10
116
46
960
263
567
754
412
866
995
970
96
227
254
55
16
278
66
768
308
375
342
69
984
767
567
72
414
820
765
105
652
326
486
315
215
477
575
951
310
491
788
312
577
119
453
890
821
815
407
670
496
704
839
766
618
468
336
874
880
302
600
193
563
935
60
522
675
607
60
193
370
675
499
690
119
208
725
237
576
571
535
376
548
823
898
328
56
325
63
983
730
678
786
980
83
493
524
574
708
736
500
252
184
41
172
944
133
389
960
245
957
721
373
258
30
874
395
827
978
842
97
934
714
195
738
309
986
983
644
322
217
467
613
742
868
143
137
410
643
471
452
293
689
522
589
482
133
105
170
818
215
898
84
758
651
615
48
378
745
947
515
237
96
709
997
530
599
40
216
331
286
718
174
419
128
176
338
776
575
35
956
887
541
79
720
12
209
601
575
761
87
998
438
766
442
809
138
17
724
360
317
514
320
164
833
311
753
687
598
62
724
619
851
78
54
275
520
454
747
333
263
959
631
553
330
364
576
934
572
504
301
167
99
338
467
803
442
915
361
622
94
918
266
994
210
357
562
483
468
729
983
524
757
981
537
742
870
27
168
103
715
583
24
917
51
232
586
590
950
150
407
459
693
603
849
858
769
781
